Pair Coeffs

1 0.066 3.5000000
2 0.066 3.5000000
3 0.066 3.5000000
4 0.066 3.5000000
5 0.066 3.5000000
6 0.066 3.5000000
7 0.070 3.5500000
8 0.210 2.9600000
9 0.140 2.9000000
10 0.066 3.5000000
11 0.066 3.5000000
12 0.170 3.1200000
13 0.070 3.5500000
14 0.210 2.9600000
15 0.140 2.9000000
16 0.066 3.5000000
17 0.066 3.5000000
18 0.170 3.1200000
19 0.030 2.5000000
20 0.030 2.5000000
21 0.030 2.5000000
22 0.030 2.5000000
23 0.030 2.5000000
24 0.030 2.5000000
25 0.030 2.5000000
26 0.030 2.5000000
27 0.030 2.5000000
28 0.030 2.5000000
29 0.030 2.5000000
30 0.030 2.5000000
31 0.030 2.5000000
32 0.030 2.5000000
33 0.030 2.5000000
34 0.030 2.5000000
35 0.000 0.0000000
36 0.030 2.5000000
37 0.030 2.5000000
38 0.030 2.5000000
39 0.030 2.5000000
40 0.000 0.0000000
41 0.076 3.5500000
42 0.076 3.5500000
43 0.066 3.5000000
44 0.070 3.5500000
45 0.210 2.9600000
46 0.140 2.9000000
47 0.066 3.5000000
48 0.066 3.5000000
49 0.030 2.5000000
50 0.030 2.5000000
51 0.030 2.5000000
52 0.030 2.5000000
53 0.030 2.5000000
54 0.030 2.5000000
55 0.030 2.5000000
56 0.030 2.5000000
57 0.030 2.5000000
58 0.030 2.5000000
59 0.170 3.3000000
60 0.066 3.5000000
61 0.066 3.5000000
62 0.070 3.5500000
63 0.070 3.5500000
64 0.170 3.2500000
65 0.000 0.0000000
66 0.080 3.5000000
67 0.070 3.5500000
68 0.070 3.5500000
69 0.070 3.5500000
70 0.070 3.5500000
71 0.070 3.5500000
72 0.070 3.5500000
73 0.210 2.9600000
74 0.170 3.1200000
75 0.000 0.0000000
76 0.000 0.0000000
77 0.030 2.5000000
78 0.030 2.5000000
79 0.030 2.5000000
80 0.030 2.4200000
81 0.030 2.4200000
82 0.030 2.4200000
83 0.030 2.4200000
84 0.030 2.4200000
85 0.000 0.0000000

Bond Coeffs

1 268.0000 1.5290
2 268.0000 1.5290
3 268.0000 1.5290
4 268.0000 1.5290
5 268.0000 1.5290
6 317.0000 1.5220
7 570.0000 1.2290
8 214.0000 1.3270
9 320.0000 1.4100
10 268.0000 1.5290
11 320.0000 1.4100
12 317.0000 1.5220
13 570.0000 1.2290
14 214.0000 1.3270
15 320.0000 1.4100
16 268.0000 1.5290
17 320.0000 1.4100
18 340.0000 1.0900
19 340.0000 1.0900
20 340.0000 1.0900
21 340.0000 1.0900
22 340.0000 1.0900
23 340.0000 1.0900
24 340.0000 1.0900
25 340.0000 1.0900
26 340.0000 1.0900
27 340.0000 1.0900
28 340.0000 1.0900
29 340.0000 1.0900
30 340.0000 1.0900
31 340.0000 1.0900
32 340.0000 1.0900
33 340.0000 1.0900
34 553.0000 0.9450
35 340.0000 1.0900
36 340.0000 1.0900
37 340.0000 1.0900
38 340.0000 1.0900
39 553.0000 0.9450
40 549.0000 1.3400
41 317.0000 1.5100
42 410.0000 1.4440
43 570.0000 1.2290
44 214.0000 1.3270
45 320.0000 1.4100
46 268.0000 1.5290
47 340.0000 1.0800
48 340.0000 1.0800
49 340.0000 1.0900
50 340.0000 1.0900
51 340.0000 1.0900
52 340.0000 1.0900
53 340.0000 1.0900
54 340.0000 1.0900
55 340.0000 1.0900
56 340.0000 1.0900
57 382.0000 1.4480
58 268.0000 1.5290
59 317.0000 1.4950
60 546.0000 1.3670
61 427.0000 1.3810
62 434.0000 1.0100
63 436.0000 1.3740
64 469.0000 1.4040
65 469.0000 1.4000
66 469.0000 1.4000
67 469.0000 1.4000
68 469.0000 1.4240
69 317.0000 1.5220
70 570.0000 1.2290
71 450.0000 1.3640
72 434.0000 1.0100
73 434.0000 1.0100
74 340.0000 1.0900
75 340.0000 1.0900
76 340.0000 1.0900
77 367.0000 1.0800
78 367.0000 1.0800
79 367.0000 1.0800
80 367.0000 1.0800
81 367.0000 1.0800
82 553.0000 0.9450
83 469.0000 1.4240
84 469.0000 1.4000

Angle Coeffs

1 58.350 112.700
2 58.350 112.700
3 58.350 112.700
4 58.350 112.700
5 63.000 111.100
6 80.000 120.400
7 81.000 111.400
8 83.000 116.900
9 50.000 109.500
10 50.000 109.500
11 63.000 111.100
12 80.000 120.400
13 81.000 111.400
14 83.000 116.900
15 50.000 109.500
16 50.000 109.500
17 37.500 110.700
18 37.500 110.700
19 37.500 110.700
20 37.500 110.700
21 37.500 110.700
22 37.500 110.700
23 37.500 110.700
24 37.500 110.700
25 37.500 110.700
26 37.500 110.700
27 37.500 110.700
28 37.500 110.700
29 35.000 109.500
30 35.000 109.500
31 37.500 110.700
32 37.500 110.700
33 55.000 108.500
34 35.000 109.500
35 35.000 109.500
36 37.500 110.700
37 37.500 110.700
38 55.000 108.500
39 33.000 107.800
40 58.350 112.700
41 37.500 110.700
42 37.500 110.700
43 33.000 107.800
44 33.000 107.800
45 33.000 107.800
46 63.000 111.100
47 33.000 107.800
48 63.000 111.100
49 83.000 123.400
50 35.000 109.500
51 83.000 123.400
52 33.000 107.800
53 37.500 110.700
54 37.500 110.700
55 35.000 109.500
56 33.000 107.800
57 33.000 107.800
58 37.500 110.700
59 33.000 107.800
60 33.000 107.800
61 33.000 107.800
62 33.000 107.800
63 37.500 110.700
64 35.000 109.500
65 37.500 110.700
66 63.000 111.100
67 35.000 109.500
68 33.000 107.800
69 33.000 107.800
70 35.000 109.500
71 70.000 124.000
72 85.000 120.700
73 80.000 125.300
74 81.000 111.400
75 83.000 116.900
76 50.000 109.500
77 35.000 120.000
78 35.000 120.000
79 35.000 109.500
80 35.000 109.500
81 35.000 109.500
82 35.000 109.500
83 35.000 109.500
84 37.500 110.700
85 37.500 110.700
86 37.500 110.700
87 83.000 123.400
88 33.000 107.800
89 33.000 107.800
90 37.500 110.700
91 35.000 117.000
92 33.000 107.800
93 33.000 107.800
94 33.000 107.800
95 33.000 107.800
96 33.000 107.800
97 70.000 119.700
98 37.500 110.700
99 56.200 109.470
100 63.000 115.600
101 70.000 125.000
102 70.000 107.700
103 35.000 120.000
104 70.000 109.800
105 70.000 108.700
106 63.000 120.000
107 63.000 120.000
108 63.000 120.000
109 70.000 120.000
110 80.000 111.200
111 80.000 120.400
112 70.000 108.000
113 35.000 109.500
114 35.000 109.500
115 35.000 109.500
116 37.500 110.700
117 37.500 110.700
118 35.000 132.100
119 35.000 120.000
120 35.000 120.000
121 35.000 120.000
122 35.000 120.000
123 35.000 113.000
124 63.000 120.000
125 63.000 111.100
126 80.000 121.000
127 35.000 120.000
128 70.000 107.300
129 70.000 107.700
130 35.000 121.600
131 35.000 120.000
132 85.000 134.900
133 70.000 107.300
134 35.000 109.500
135 37.500 110.700
136 30.000 125.800
137 35.000 109.500
138 43.600 106.400
139 35.000 109.500
140 63.000 120.000
141 63.000 120.000
142 33.000 107.800
143 35.000 120.000
144 35.000 120.000

Dihedral Coeffs

1 1.300 -0.200 0.200 0.000
2 1.300 -0.200 0.200 0.000
3 0.000 0.000 0.000 0.000
4 4.669 5.124 0.000 0.000
5 -1.220 -0.126 0.422 0.000
6 4.319 0.000 0.000 0.000
7 0.000 0.000 0.000 0.000
8 4.669 5.124 0.000 0.000
9 -1.220 -0.126 0.422 0.000
10 4.319 0.000 0.000 0.000
11 0.000 0.000 0.300 0.000
12 0.000 0.000 0.300 0.000
13 0.000 0.000 0.300 0.000
14 -0.356 -0.174 0.492 0.000
15 -0.356 -0.174 0.492 0.000
16 0.000 0.000 0.198 0.000
17 0.000 0.000 0.468 0.000
18 0.000 0.000 0.300 0.000
19 0.000 0.000 0.300 0.000
20 0.000 0.000 0.132 0.000
21 0.000 0.000 0.300 0.000
22 0.000 0.000 0.300 0.000
23 0.000 0.000 0.300 0.000
24 0.000 0.000 0.300 0.000
25 0.000 0.000 0.300 0.000
26 -2.060 -0.313 0.315 0.000
27 0.000 5.124 0.000 0.000
28 0.000 0.000 0.352 0.000
29 0.000 0.000 0.300 0.000
30 0.000 0.000 0.468 0.000
31 0.000 0.000 0.000 0.000
32 0.000 0.000 0.300 0.000
33 0.000 0.000 0.468 0.000
34 0.000 0.000 0.468 0.000
35 0.000 0.000 -0.100 0.000
36 1.300 -0.200 0.200 0.000
37 0.000 0.000 0.198 0.000
38 0.000 0.000 -0.100 0.000
39 0.000 5.124 0.000 0.000
40 0.000 0.000 0.300 0.000
41 0.000 0.000 0.300 0.000
42 0.000 0.000 -0.100 0.000
43 -2.060 -0.313 0.315 0.000
44 0.000 0.000 0.300 0.000
45 0.000 0.000 0.300 0.000
46 0.000 0.000 0.300 0.000
47 0.000 0.000 0.352 0.000
48 0.000 0.000 -0.100 0.000
49 0.000 0.000 0.300 0.000
50 0.000 0.000 0.300 0.000
51 0.000 0.000 0.300 0.000
52 0.000 0.000 -0.100 0.000
53 0.000 0.000 -0.553 0.000
54 0.000 0.000 0.468 0.000
55 0.000 0.000 0.300 0.000
56 0.000 0.000 0.000 0.000
57 0.000 0.000 0.300 0.000
58 0.000 0.000 -0.553 0.000
59 0.000 0.000 -0.100 0.000
60 0.000 0.000 0.000 0.000
61 0.000 0.000 0.468 0.000
62 0.000 0.000 0.300 0.000
63 0.000 0.000 0.300 0.000
64 0.000 0.000 0.300 0.000
65 0.000 0.000 -0.100 0.000
66 0.000 0.000 0.000 0.000
67 0.000 0.000 0.468 0.000
68 0.000 0.000 -0.553 0.000
69 0.000 0.000 0.300 0.000
70 0.000 0.000 0.468 0.000
71 0.000 0.000 0.352 0.000
72 0.000 0.000 -0.553 0.000
73 0.000 0.000 0.300 0.000
74 0.000 0.000 0.352 0.000
75 0.000 0.000 0.300 0.000
76 0.000 0.000 -0.100 0.000
77 0.000 0.000 0.300 0.000
78 0.000 0.000 -0.553 0.000
79 0.000 0.000 -0.100 0.000
80 0.000 0.000 -0.100 0.000
81 0.000 0.000 -0.100 0.000
82 0.000 0.000 0.198 0.000
83 0.000 0.000 0.300 0.000
84 0.000 0.000 0.300 0.000
85 0.000 0.000 -0.100 0.000
86 0.000 0.000 0.300 0.000
87 0.000 0.000 0.198 0.000
88 0.000 0.000 0.300 0.000
89 0.000 0.000 0.300 0.000
90 0.000 0.000 0.300 0.000
91 0.000 0.000 -0.100 0.000
92 2.500 6.000 0.000 0.000
93 4.669 5.124 0.000 0.000
94 -1.220 -0.126 0.422 0.000
95 0.000 14.000 0.000 0.000
96 0.000 0.000 -0.372 0.000
97 0.000 0.000 0.468 0.000
98 0.000 14.000 0.000 0.000
99 0.900 0.230 -0.505 0.000
100 0.000 0.000 0.300 0.000
101 0.000 0.000 0.300 0.000
102 0.000 0.000 0.468 0.000
103 0.000 0.000 -0.372 0.000
104 0.000 0.000 -0.372 0.000
105 0.000 0.000 -0.372 0.000
106 3.200 -3.000 0.000 0.000
107 0.000 0.000 0.300 0.000
108 0.000 0.000 0.468 0.000
109 0.000 0.000 0.300 0.000
110 0.000 0.000 0.300 0.000
111 0.000 0.000 0.300 0.000
112 0.900 0.230 -0.505 0.000
113 0.000 14.000 0.000 0.000
114 0.000 14.000 0.000 0.000
115 0.000 0.000 0.198 0.000
116 0.000 0.000 -0.372 0.000
117 0.000 0.000 -0.372 0.000
118 0.000 5.124 0.000 0.000
119 0.000 0.000 0.198 0.000
120 2.392 -0.674 0.550 0.000
121 0.000 0.000 0.000 0.000
122 0.000 7.250 0.000 0.000
123 0.000 5.000 0.000 0.000
124 0.000 7.250 0.000 0.000
125 0.000 7.000 0.000 0.000
126 0.000 7.250 0.000 0.000
127 0.000 7.250 0.000 0.000
128 0.000 0.000 0.000 0.000
129 -0.190 -0.417 0.418 0.000
130 1.500 5.500 0.000 0.000
131 0.000 0.000 0.000 0.000
132 0.000 7.250 0.000 0.000
133 0.000 7.250 0.000 0.000
134 0.000 0.000 0.000 0.000
135 0.000 0.000 -0.100 0.000
136 0.000 7.250 0.000 0.000
137 0.000 0.000 0.000 0.000
138 1.000 0.546 0.450 0.000
139 5.260 0.820 0.000 0.000
140 0.000 0.000 0.000 0.000
141 0.000 7.250 0.000 0.000
142 0.000 2.170 0.000 0.000
143 0.000 5.000 0.000 0.000
144 0.000 0.000 0.000 0.000
145 0.000 7.250 0.000 0.000
146 0.000 7.250 0.000 0.000
147 0.000 0.000 0.462 0.000
148 0.000 7.250 0.000 0.000
149 0.000 5.500 0.000 0.000
150 0.000 7.250 0.000 0.000
151 0.000 7.250 0.000 0.000
152 0.000 7.250 0.000 0.000
153 -1.013 -0.709 0.473 0.000
154 0.000 5.000 0.000 0.000
155 0.000 0.000 -0.100 0.000
156 0.000 0.000 0.000 0.000
157 0.000 0.000 0.300 0.000
158 0.000 0.000 0.400 0.000
159 0.000 7.000 0.000 0.000
160 0.000 5.000 0.000 0.000
161 -0.190 -0.417 0.418 0.000
162 0.000 7.250 0.000 0.000
163 0.000 2.170 0.000 0.000
164 0.000 7.250 0.000 0.000
165 -2.060 -0.313 0.315 0.000
166 0.000 0.000 0.400 0.000
167 -1.013 -0.709 0.473 0.000
168 0.000 7.250 0.000 0.000
169 0.000 7.250 0.000 0.000
170 0.000 7.250 0.000 0.000
171 0.000 5.000 0.000 0.000
172 0.000 7.250 0.000 0.000
173 0.000 2.170 0.000 0.000
174 0.000 0.000 0.300 0.000
175 0.000 2.170 0.000 0.000
176 0.000 5.000 0.000 0.000
177 0.000 7.250 0.000 0.000
178 -0.190 -0.417 0.418 0.000
179 0.000 7.250 0.000 0.000
180 0.000 0.000 0.000 0.000
181 0.000 7.250 0.000 0.000
182 0.000 2.170 0.000 0.000
183 0.000 7.250 0.000 0.000
184 -0.190 -0.417 0.418 0.000
185 0.000 0.000 0.000 0.000
186 0.000 2.170 0.000 0.000
187 0.000 2.170 0.000 0.000
188 0.000 7.250 0.000 0.000

Improper Coeffs

1 0.000 -1 2
2 0.000 -1 2
3 10.500 -1 2
4 0.000 -1 2
5 10.500 -1 2
6 0.000 -1 2
7 0.000 -1 2
8 0.000 -1 2
9 0.000 -1 2
10 0.000 -1 2
11 0.000 -1 2
12 0.000 -1 2
13 0.000 -1 2
14 0.000 -1 2
15 0.000 -1 2
16 0.000 -1 2
17 0.000 -1 2
18 0.000 -1 2
19 0.000 -1 2
20 0.000 -1 2
21 0.000 -1 2
22 0.000 -1 2
23 2.500 -1 2
24 10.500 -1 2
25 2.500 -1 2
26 0.000 -1 2
27 0.000 -1 2
28 0.000 -1 2
29 0.000 -1 2
30 0.000 -1 2
31 0.000 -1 2
32 2.500 -1 2
33 2.500 -1 2
34 0.000 -1 2
35 10.500 -1 2
36 0.000 -1 2
37 0.000 -1 2
38 0.000 -1 2
39 0.000 -1 2
40 2.500 -1 2
41 2.500 -1 2
42 2.500 -1 2
43 2.500 -1 2
44 2.500 -1 2
45 2.500 -1 2
46 2.500 -1 2
